0
0
9
364
0
23
25
0
0
0
46
0
758
0
56
0
832
67
70
75
0
719
81
0
1014
0
87
88
0
631
0
0
720
0
0
0
120
0
45
128
0
225
145
0
0
0
0
171
0
57
0
0
0
0
678
0
316
216
0
0
217
1
221
847
1
7
223
1
1
0
0
0
0
0
94
818
94
576
271
276
0
281
1
212
0
0
0
0
305
0
0
0
0
0
1
1
0
0
0
758
1
1
844
368
1
0
382
844
387
493
388
1
389
566
1
1
350
1
0
0
420
0
190
928
1
1
29
970
1
0
0
0
1017
0
585
608
0
0
1
467
0
471
949
0
464
0
487
181
1
491
0
1
0
0
513
517
668
1
53
1
1
534
0
223
0
247
1
0
0
1
322
0
548
549
0
0
0
0
2
64
841
596
375
78
737
202
899
737
978
109
917
680
100
858
876
903
323
810
863
992
384
880
40
464
524
680
238
573
354
820
342
574
324
328
480
7
851
283
743
122
496
790
181
234
113
250
385
855
884
353
665
934
339
267
522
491
284
559
627
678
27
584
316
768
649
0
875
464
881
299
814
476
142
755
909
958
1021
670
139
976
254
468
516
493
457
788
575
849
1004
6
755
18
389
177
77
469
671
53
818
877
756
15
51
719
836
212
607
958
792
415
489
748
652
205
87
336
20
350
365
985
668
220
441
106
778
721
3
779
435
400
845
67
4
149
513
555
690
408
102
608
143
138
399
539
224
385
959
908
685
316
1018
604
928
476
117
708
73
208
576
651
94
808
568
391
387
867
833
816
856
239
229
452
734
182
587
0
815
644
607
573
970
983
433
847
825
268
284
884
254
317
615
17
997
202
565
702
960
436
613
929
270
775
559
749
514
979
298
422
638
832
934
998
123
758
847
138
415
1013
360
426
818
190
120
80
382
571
741
907
456
875
336
1007
520
320
51
521
673
135
495
449
273
362
942
577
945
59
672
566
912
497
29
778
713
631
357
818
170
811
223
844
492
94
1017
719
608
116
158
258
128
288
704
1002
204
191
220
57
994
226
121
519
706
689
463
97
987
818
532
695
758
737
543
925
333
633
760
391
547
952
391
729
665
116
608
264
670
673
926
669
173
31
637
265
660
4
38
325
5
462
361
1016
235
966
560
629
2
515
158
121
45
919
523
837
474
190
43
266
448
631
847
882
278
841
1014
153
585
364
153
94
327
276
287
563
144
104
410
565
992
264
182
851
418
400
590
345
983
339
47
883
430
792
17
724
298
655
397
119
991
647
197
221
693
349
818
469
831
288
720
359
388
82
790
945
906
118
247
179
61
474
905
946
257
113
322
618
10
586
220
888
989
351
771
566
841
258
759
183
307
479
28
703
597
246
40
835
899
905
884
877
437
882
809
907
541
280
835
790
848
433
668
358
495
97
609
441
29
660
185
813
223
168
853
224
274
703
596
706
823
936
225
534
418
531
810
362
740
395
576
805
129
350
591
575
419
171
307
863
195
150
863
470
328
113
705
413
313
758
564
71
104
336
287
702
191
801
810
163
112
910
681
461
602
621
651
726
631
786
261
279
604
853
959
346
1003
21
520
630
529
267
318
128
949
14
622
962
142
266
61
355
80
373
97
604
324
291
268
643
372
747
13
525
277
179
656
645
183
813
964
58
482
864
812
1018
665
427
255
1
2
