0
0
9
1
0
23
25
0
0
0
46
0
695
0
56
0
265
67
70
75
0
756
81
0
832
0
87
88
0
882
0
0
106
0
0
0
120
0
45
128
0
29
145
0
0
0
0
171
0
204
0
0
0
0
627
0
153
216
0
0
217
1
221
415
1
5
223
1
1
0
0
0
0
0
651
120
435
497
271
276
0
281
1
212
0
0
0
0
305
0
0
0
0
0
1
1
0
0
0
758
1
1
223
368
1
0
382
492
387
516
388
1
389
771
1
1
596
1
0
0
420
0
382
385
1
1
57
983
1
0
0
0
1017
0
465
539
0
0
1
467
0
471
14
0
649
0
487
122
1
491
0
1
0
0
513
517
3
1
719
1
1
534
0
811
0
905
1
0
0
1
586
0
548
549
0
0
0
0
0
426
287
570
0
0
577
1
588
31
1
596
604
755
0
1
1
0
1
1
625
254
1
640
0
627
978
627
286
466
1019
47
1005
167
427
446
137
166
426
267
779
449
597
345
783
748
922
465
487
773
546
357
493
859
907
436
548
906
927
621
543
761
386
633
361
203
403
134
396
204
1007
481
215
647
960
21
467
191
964
427
665
1018
812
864
482
58
964
813
183
645
656
179
277
525
13
747
805
129
576
372
643
268
291
324
604
97
373
80
355
61
142
266
962
622
14
108
949
128
318
267
529
630
520
21
758
847
998
113
234
181
449
566
818
59
135
1009
823
917
29
225
631
357
702
960
671
719
170
811
844
492
1017
223
469
925
208
116
708
695
758
704
288
737
158
543
258
4
668
994
226
519
121
706
350
985
106
720
987
608
532
333
633
760
391
547
952
391
729
665
116
608
264
926
246
609
841
637
284
660
31
293
638
415
462
361
1016
325
247
118
906
61
283
743
142
755
909
958
907
741
966
560
2
629
320
520
121
45
919
97
190
266
631
847
882
278
508
669
441
29
1014
585
832
153
1
435
307
410
400
590
345
983
339
47
883
430
792
17
724
298
655
397
119
991
647
197
693
221
349
818
469
104
144
565
327
94
678
359
276
563
7
474
837
82
945
790
474
905
114
946
257
113
322
618
10
586
220
888
989
351
479
992
28
771
566
841
258
759
183
418
851
182
264
703
336
20
597
97
40
835
456
336
905
877
437
882
809
541
907
881
790
848
513
555
433
128
1002
204
1004
177
389
18
755
375
6
185
689
168
223
853
224
706
936
713
778
534
418
531
810
362
740
395
350
591
575
419
171
721
307
863
195
150
863
470
328
113
705
413
313
758
564
71
104
336
287
702
191
801
810
163
112
910
681
461
602
621
726
651
88
631
786
261
279
604
853
679
346
1003
123
353
665
934
912
522
491
559
316
627
27
875
1007
899
884
80
235
571
382
120
190
818
426
360
1013
415
138
265
934
422
792
38
4
979
514
749
559
298
270
775
929
613
436
565
202
997
17
615
317
254
884
284
268
825
847
433
983
928
604
685
1018
316
679
385
539
224
399
319
138
143
102
608
408
690
149
94
808
67
400
845
957
779
721
2
3
778
441
703
220
668
274
596
87
205
652
670
748
673
489
43
448
958
607
51
212
836
15
719
877
756
818
53
818
521
77
849
575
788
457
493
516
468
254
976
627
670
139
1021
179
831
288
299
280
835
464
875
255
649
287
768
153
584
158
515
945
362
577
273
822
51
672
94
673
267
495
339
942
364
496
790
476
122
696
814
851
5
463
523
365
388
813
480
328
324
574
342
820
354
116
238
680
524
464
40
880
384
992
863
810
903
220
358
1005
495
568
651
497
173
73
576
855
250
385
68
884
117
908
476
970
116
607
644
815
0
587
182
734
452
229
239
816
843
856
833
867
129
660
391
191
57
323
876
858
100
680
917
109
737
978
899
202
737
78
375
596
841
64
498
97
183
144
619
28
237
37
654
22
447
531
743
978
640
627
286
466
1019
47
1005
167
427
446
137
166
426
267
779
449
597
345
783
748
922
465
487
773
546
357
493
859
907
436
548
906
927
621
543
761
386
633
361
203
403
134
396
204
1007
481
215
647
960
21
467
191
964
427
665
1018
812
864
482
58
964
813
183
645
656
179
277
525
13
747
805
129
576
372
643
268
291
324
604
97
373
80
355
61
142
266
962
622
14
108
949
128
318
267
529
630
520
21
758
847
998
113
234
181
449
566
818
59
135
1009
823
917
29
225
631
357
702
960
671
719
170
811
844
492
1017
223
469
925
208
116
708
695
758
704
288
737
158
543
258
4
668
994
226
519
121
706
350
985
106
720
987
608
532
333
633
760
391
547
952
391
729
665
116
608
264
926
246
609
841
637
284
660
31
293
638
415
462
361
1016
325
247
118
906
61
283
743
142
755
909
958
907
741
966
560
2
629
320
520
121
45
919
97
190
266
631
847
882
278
508
669
441
29
1014
585
832
153
1
435
307
410
400
590
345
983
339
47
883
430
792
17
724
298
655
397
119
991
647
197
693
221
349
818
469
104
144
565
327
94
678
359
276
563
7
474
837
82
945
790
474
905
114
946
257
113
322
618
10
586
220
888
989
351
479
992
28
771
566
841
258
759
183
418
851
182
264
703
336
20
597
97
40
835
456
336
905
877
437
882
809
541
907
881
790
848
513
555
433
128
1002
204
1004
177
389
18
755
375
6
185
689
168
223
853
224
706
936
713
778
534
418
531
810
362
740
395
350
591
575
419
171
721
307
863
195
150
863
470
328
113
705
413
313
758
564
71
104
336
287
702
191
801
810
163
112
910
681
461
602
621
726
651
88
631
786
261
279
604
853
679
346
1003
123
353
665
934
912
522
491
559
316
627
27
875
1007
899
884
80
235
571
382
120
190
818
426
360
1013
415
138
265
934
422
792
38
4
979
514
749
559
298
270
775
929
613
436
565
202
997
17
615
317
254
884
284
268
825
847
433
983
928
604
685
1018
316
679
385
539
224
399
319
138
143
102
608
408
690
149
94
808
67
400
845
957
779
721
2
3
778
441
703
220
668
274
596
87
205
652
670
748
673
489
43
448
958
607
51
212
836
15
719
877
756
818
53
818
521
77
849
575
788
457
493
516
468
254
976
627
670
139
1021
179
831
288
299
280
835
464
875
255
649
287
768
153
584
158
515
945
362
577
273
822
51
672
94
673
267
495
339
942
364
496
790
476
122
696
814
851
5
463
523
365
388
813
480
328
324
574
342
820
354
116
238
680
524
464
40
880
384
992
863
810
903
220
358
1005
495
568
651
497
173
73
576
855
250
385
68
884
117
908
476
970
116
607
644
815
0
587
182
734
452
229
239
816
843
856
833
867
129
660
391
191
57
323
876
858
100
680
917
109
737
978
899
202
737
78
375
596
841
64
498
97
183
144
619
28
237
37
654
22
447
531
743
978
